name: crypto_ai
channels:
  - conda-forge
  - defaults
dependencies:
  - asttokens=2.4.1=pyhd8ed1ab_0
  - bzip2=1.0.8=h2bbff1b_6
  - ca-certificates=2024.9.24=haa95532_0
  - colorama=0.4.6=pyhd8ed1ab_0
  - comm=0.2.2=pyhd8ed1ab_0
  - cpython=3.10.15=py310hd8ed1ab_2
  - debugpy=1.8.7=py310h9e98ed7_0
  - decorator=5.1.1=pyhd8ed1ab_0
  - exceptiongroup=1.2.2=pyhd8ed1ab_0
  - executing=2.1.0=pyhd8ed1ab_0
  - importlib-metadata=8.5.0=pyha770c72_0
  - ipykernel=6.29.5=pyh4bbf305_0
  - ipython=8.29.0=pyh7428d3b_0
  - jedi=0.19.1=pyhd8ed1ab_0
  - jupyter_client=8.6.3=pyhd8ed1ab_0
  - jupyter_core=5.7.2=pyh5737063_1
  - krb5=1.21.3=hdf4eb48_0
  - libffi=3.4.4=hd77b12b_1
  - libsodium=1.0.20=hc70643c_0
  - libsqlite=3.47.0=h2466b09_1
  - libzlib=1.3.1=h2466b09_2
  - matplotlib-inline=0.1.7=pyhd8ed1ab_0
  - nest-asyncio=1.6.0=pyhd8ed1ab_0
  - openssl=3.3.2=h2466b09_0
  - packaging=24.1=pyhd8ed1ab_0
  - parso=0.8.4=pyhd8ed1ab_0
  - pickleshare=0.7.5=py_1003
  - pip=24.2=py310haa95532_0
  - platformdirs=4.3.6=pyhd8ed1ab_0
  - prompt-toolkit=3.0.48=pyha770c72_0
  - psutil=6.1.0=py310ha8f682b_0
  - pure_eval=0.2.3=pyhd8ed1ab_0
  - pygments=2.18.0=pyhd8ed1ab_0
  - python=3.10.15=hfaddaf0_2_cpython
  - python-dateutil=2.9.0=pyhd8ed1ab_0
  - python_abi=3.10=5_cp310
  - pywin32=307=py310h9e98ed7_3
  - pyzmq=26.2.0=py310h656833d_3
  - setuptools=75.1.0=py310haa95532_0
  - six=1.16.0=pyh6c4a22f_0
  - sqlite=3.45.3=h2bbff1b_0
  - stack_data=0.6.2=pyhd8ed1ab_0
  - tk=8.6.13=h5226925_1
  - tornado=6.4.1=py310ha8f682b_1
  - traitlets=5.14.3=pyhd8ed1ab_0
  - typing_extensions=4.12.2=pyha770c72_0
  - ucrt=10.0.22621.0=h57928b3_1
  - vc=14.40=h2eaa2aa_1
  - vc14_runtime=14.40.33810=hcc2c482_22
  - vs2015_runtime=14.40.33810=h3bf8584_22
  - wcwidth=0.2.13=pyhd8ed1ab_0
  - wheel=0.44.0=py310haa95532_0
  - xz=5.4.6=h8cc25b3_1
  - zeromq=4.3.5=ha9f60a1_6
  - zipp=3.20.2=pyhd8ed1ab_0
  - zlib=1.3.1=h2466b09_2
  - pip:
      - aiohappyeyeballs==2.4.3
      - aiohttp==3.10.10
      - aiosignal==1.3.1
      - altair==5.4.1
      - annotated-types==0.7.0
      - anyio==4.6.2.post1
      - async-timeout==4.0.3
      - attrs==24.2.0
      - beautifulsoup4==4.12.3
      - blinker==1.8.2
      - cachetools==5.5.0
      - certifi==2024.8.30
      - chardet==3.0.4
      - charset-normalizer==3.4.0
      - click==8.1.7
      - deep-translator==1.11.4
      - distro==1.9.0
      - eval-type-backport==0.2.0
      - filelock==3.16.1
      - frozenlist==1.5.0
      - gitdb==4.0.11
      - gitpython==3.1.43
      - h11==0.14.0
      - h2==3.2.0
      - hpack==3.0.0
      - hstspreload==2024.10.1
      - httpcore==1.0.6
      - httpx==0.27.2
      - hyperframe==5.2.0
      - idna==2.10
      - jinja2==3.1.4
      - jiter==0.6.1
      - jsonschema==4.23.0
      - jsonschema-specifications==2024.10.1
      - loguru==0.7.2
      - markdown-it-py==3.0.0
      - markupsafe==3.0.2
      - mdurl==0.1.2
      - multidict==6.1.0
      - narwhals==1.12.1
      - numpy==2.1.2
      - openai==1.52.2
      - pandas==2.2.3
      - pillow==10.4.0
      - propcache==0.2.0
      - protobuf==5.28.3
      - pyarrow==18.0.0
      - pydantic==2.9.2
      - pydantic-core==2.23.4
      - pydeck==0.9.1
      - python-decouple==3.8
      - pytz==2024.2
      - pyyaml==6.0.2
      - referencing==0.35.1
      - requests==2.32.3
      - rfc3986==1.5.0
      - rich==13.9.3
      - rpds-py==0.20.0
      - shellingham==1.5.4
      - smmap==5.0.1
      - sniffio==1.3.1
      - soupsieve==2.6
      - streamlit==1.39.0
      - tabulate==0.9.0
      - tenacity==9.0.0
      - together==1.3.3
      - toml==0.10.2
      - tqdm==4.66.6
      - typer==0.12.5
      - tzdata==2024.2
      - urllib3==2.2.3
      - watchdog==5.0.3
      - win32-setctime==1.1.0
      - yarl==1.17.0
prefix: C:\Users\com\anaconda3\envs\crypto_ai
